
WakeFreeRatio: 0.927234215232985
EnergyCosts: 0.005729222894278
EnergyOutput: 135661.412668621516787
