
WakeFreeRatio: 0.992751861226556
EnergyCosts: 0.005681097104437
EnergyOutput: 145247.142211590398801
